LR1_DR02_VC01_V6a	120	33809	33809
LR1_DR02_VC02_V6a	120	74982	74982
LR1_DR02_VC03_V7a	120	39318	40446
LR1_DR02_VC03_V8a	120	43717	43721
LR1_DR02_VC04_V8a	120	41277	41657
LR1_DR02_VC05_V8a	120	36088	36659
LR1_DR03_VC03_V10b	120	83645	92941
LR1_DR03_VC03_V13b	120	118706	124921
LR1_DR03_VC03_V16a	120	71635	82837
LR1_DR04_VC03_V15a	120	72108	73312
LR1_DR04_VC03_V15b	120	102148	117812
LR1_DR04_VC05_V17a	120	71572	72876
LR1_DR04_VC05_V17b	120	84970	105766
LR1_DR05_VC05_V25a	120	102755	105328
LR1_DR05_VC05_V25b	120	125966	137107
LR1_DR02_VC01_V6a	180	52166	52167
LR1_DR02_VC02_V6a	180	128106	129372
LR1_DR02_VC03_V7a	180	58790	60547
LR1_DR02_VC03_V8a	180	66989	68153
LR1_DR02_VC04_V8a	180	65274	66017
LR1_DR02_VC05_V8a	180	57260	58619
LR1_DR03_VC03_V10b	180	106712	125638
LR1_DR03_VC03_V13b	180	143695	165764
LR1_DR03_VC03_V16a	180	120556	143178
LR1_DR04_VC03_V15a	180	116211	118621
LR1_DR04_VC03_V15b	180	170432	189989
LR1_DR04_VC05_V17a	180	115530	117710
LR1_DR04_VC05_V17b	180	130290	159168
LR1_DR05_VC05_V25a	180	167766	171620
LR1_DR05_VC05_V25b	180	186749	205368
LR1_DR02_VC01_V6a	360	107994	108141
LR1_DR02_VC02_V6a	360	275347	283031
LR1_DR02_VC03_V7a	360	120346	124282
LR1_DR02_VC03_V8a	360	139821	141166
LR1_DR02_VC04_V8a	360	137449	138693
LR1_DR02_VC05_V8a	360	120986	122598
LR1_DR03_VC03_V10b	360	212621	259888
LR1_DR03_VC03_V13b	360	262458	316441
LR1_DR03_VC03_V16a	360	274753	327793
LR1_DR04_VC03_V15a	360	248598	252710
LR1_DR04_VC03_V15b	360	294483	339308
LR1_DR04_VC05_V17a	360	247816	251623
LR1_DR04_VC05_V17b	360	251864	304507
LR1_DR05_VC05_V25a	360	362894	368628
LR1_DR05_VC05_V25b	360	377388	410053
